-2.0  3.27 0.00    1.98  0.00  2.51 0.0
-1.0  4.22 0.00    2.49  0.00  2.70 0.0
-0.2  4.50 0.00    2.50  0.00  2.72 0.0
 0.3  4.62 0.00    2.58  0.00  2.75 0.0
 2.0  4.70 0.00    2.58  0.00  2.79 0.0
 4.0  4.95 0.00    2.77  0.00  2.79 0.0
 6.0  5.12 0.00    2.78  0.00  2.79 0.0
 8.0  5.85 0.00    3.36  0.00  2.79 0.0
10.0  5.99 0.00    3.53  0.00  2.79 0.0
12.0  6.09 0.00    3.61  0.00  2.79 0.0
14.0  6.26 0.00    3.61  0.00  2.79 0.0
16.0  6.31 0.00    3.61  0.00  2.79 0.0
20.0  6.35 0.00    3.68  0.00  2.94 0.0
25.0  6.70 0.00    3.80  0.00  2.94 0.0
30.0  6.89 0.00    3.92  0.00  3.17 0.0
45.0  7.50 0.00    4.28  0.00  3.17 0.0